1|0|4|1|7|u|0|_|a|4|1|7
1|0|3|6|5|u|0|_|a|3|6|5
1|0|2|9|6|u|0|_|a|2|9|6
1|0|2|6|6|u|0|_|a|2|6|6
1|0|4|0|5|u|0|_|a|4|0|5
1|0|3|8|2|u|0|_|a|3|8|2
1|0|2|8|8|u|0|_|a|2|8|8
1|0|1|0|5|u|0|_|a|1|0|5
1|0|1|5|0|u|0|_|a|1|5|0
1|0|2|2|0|u|0|_|a|2|2|0
1|0|2|2|4|u|0|_|a|2|2|4
1|0|3|6|2|u|0|_|a|3|6|2
1|0|2|2|6|u|0|_|a|2|2|6
1|0|3|1|9|u|0|_|a|3|1|9
1|0|3|4|5|u|0|_|a|3|4|5
1|0|2|1|6|u|0|_|a|2|1|6
1|0|2|7|6|u|0|_|a|2|7|6
1|0|4|6|2|u|0|_|a|4|6|2
1|0|6|5|7|u|0|_|a|6|5|7
1|0|2|8|3|u|0|_|a|2|8|3
1|0|4|4|9|u|0|_|a|4|4|9
1|0|2|1|6|u|0|_|a|2|1|6
1|0|2|8|3|u|0|_|a|2|8|3
1|0|2|5|2|u|0|_|a|2|5|2
1|0|2|8|0|u|0|_|a|2|8|0
1|0|3|6|5|u|0|_|a|3|6|5
1|0|4|6|2|u|0|_|a|4|6|2
1|0|6|5|7|u|0|_|a|6|5|7
1|0|2|2|4|u|0|_|a|2|2|4
1|0|3|4|5|u|0|_|a|34|5
1|0|8|1|9|u|0|a|8|1|9
1|0|4|6|2|u|_|a|4|6|2
1|0|2|8|1|u|0|_|a|2|8|1
1|0|4|0|5|u|0|_|a|4|0|5
1|0|2|8|1|u|_|a|2|8|1
1|0|3|7|5|u|_|a|3|7|5
1|0|2|5|2|u|0|_|a|2|5|2
